c 
(52, 152, 100, 200)
(58, 183, 106, 231)
(60, 120, 108, 168)
(86, 196, 134, 244)
(88, 98, 136, 146)
(114, 200, 162, 248)
(116, 99, 164, 147)
(142, 199, 190, 247)
(144, 103, 192, 151)
(170, 197, 218, 245)
(172, 108, 220, 156)
(198, 196, 246, 244)
(200, 113, 248, 161)
(226, 191, 274, 239)
(228, 118, 276, 166)
(254, 185, 302, 233)
(256, 125, 304, 173)
(282, 181, 330, 229)
(284, 128, 332, 176)
(310, 178, 358, 226)
(338, 175, 386, 223)
(46, 251, 94, 299)
(48, 280, 96, 328)
(50, 216, 98, 264)
(56, 308, 104, 356)
(78, 213, 126, 261)
(84, 318, 132, 366)
(106, 213, 154, 261)
(112, 317, 160, 365)
(134, 216, 182, 264)
(140, 312, 188, 360)
(162, 219, 210, 267)
(168, 305, 216, 353)
(190, 222, 238, 270)
(196, 298, 244, 346)
(218, 224, 266, 272)
(224, 291, 272, 339)
(246, 225, 294, 273)
(252, 285, 300, 333)
(274, 226, 322, 274)
(280, 280, 328, 328)
(302, 228, 350, 276)
(308, 275, 356, 323)
(48, 362, 96, 410)
(52, 394, 100, 442)
(62, 422, 110, 470)
(76, 342, 124, 390)
(90, 446, 138, 494)
(104, 337, 152, 385)
(118, 438, 166, 486)
(132, 332, 180, 380)
(146, 429, 194, 477)
(160, 329, 208, 377)
(174, 420, 222, 468)
(188, 328, 236, 376)
(202, 410, 250, 458)
(216, 327, 264, 375)
(230, 401, 278, 449)
(244, 331, 292, 379)
(258, 390, 306, 438)
(272, 333, 320, 381)
(286, 380, 334, 428)
(300, 331, 348, 379)
(314, 373, 362, 421)
(84, 465, 132, 513)
(92, 493, 140, 541)
(106, 437, 154, 485)
(106, 522, 154, 570)
(134, 431, 182, 479)
(162, 426, 210, 474)
(190, 420, 238, 468)
(218, 415, 266, 463)
(246, 410, 294, 458)
(274, 405, 322, 453)
(302, 405, 350, 453)
(324, 539, 372, 587)
(47, 127, 109, 189)
(50, 172, 112, 234)
(86, 91, 148, 153)
(89, 191, 151, 253)
(125, 94, 187, 156)
(128, 192, 190, 254)
(164, 101, 226, 163)
(167, 190, 229, 252)
(203, 107, 265, 169)
(206, 186, 268, 248)
(242, 116, 304, 178)
(245, 179, 307, 241)
(284, 173, 346, 235)
(323, 169, 385, 231)
(41, 223, 103, 285)
(41, 273, 103, 335)
(71, 310, 133, 372)
(80, 206, 142, 268)
(110, 310, 172, 372)
(119, 208, 181, 270)
(149, 301, 211, 363)
(158, 212, 220, 274)
(188, 291, 250, 353)
(197, 216, 259, 278)
(227, 282, 289, 344)
(236, 218, 298, 280)
(266, 274, 328, 336)
(275, 219, 337, 281)
(41, 355, 103, 417)
(47, 394, 109, 456)
(62, 431, 124, 493)
(80, 333, 142, 395)
(101, 434, 163, 496)
(119, 326, 181, 388)
(140, 421, 202, 483)
(158, 322, 220, 384)
(179, 409, 241, 471)
(197, 320, 259, 382)
(218, 396, 280, 458)
(236, 323, 298, 385)
(257, 380, 319, 442)
(275, 326, 337, 388)
(296, 369, 358, 431)
(77, 458, 139, 520)
(92, 499, 154, 561)
(116, 426, 178, 488)
(155, 419, 217, 481)
(194, 411, 256, 473)
(233, 404, 295, 466)
(272, 397, 334, 459)
(311, 400, 373, 462)
(317, 532, 379, 594)
(56, 156, 96, 196)
(59, 178, 99, 218)
(60, 133, 100, 173)
(70, 111, 110, 151)
(81, 198, 121, 238)
(92, 102, 132, 142)
(103, 203, 143, 243)
(114, 102, 154, 142)
(125, 203, 165, 243)
(136, 105, 176, 145)
(147, 203, 187, 243)
(158, 109, 198, 149)
(169, 202, 209, 242)
(180, 113, 220, 153)
(191, 201, 231, 241)
(202, 116, 242, 156)
(213, 198, 253, 238)
(224, 120, 264, 160)
(235, 194, 275, 234)
(246, 126, 286, 166)
(257, 189, 297, 229)
(268, 131, 308, 171)
(279, 186, 319, 226)
(290, 133, 330, 173)
(301, 183, 341, 223)
(323, 181, 363, 221)
(345, 178, 385, 218)
(50, 255, 90, 295)
(51, 277, 91, 317)
(53, 224, 93, 264)
(53, 299, 93, 339)
(75, 217, 115, 257)
(75, 318, 115, 358)
(97, 217, 137, 257)
(97, 322, 137, 362)
(119, 218, 159, 258)
(119, 321, 159, 361)
(141, 220, 181, 260)
(141, 317, 181, 357)
(163, 223, 203, 263)
(163, 311, 203, 351)
(185, 225, 225, 265)
(185, 306, 225, 346)
(207, 227, 247, 267)
(207, 300, 247, 340)
(229, 229, 269, 269)
(229, 295, 269, 335)
(251, 229, 291, 269)
(251, 290, 291, 330)
(273, 230, 313, 270)
(273, 286, 313, 326)
(295, 231, 335, 271)
(295, 282, 335, 322)
(317, 232, 357, 272)
(51, 376, 91, 416)
(54, 354, 94, 394)
(56, 398, 96, 438)
(63, 420, 103, 460)
(73, 442, 113, 482)
(76, 347, 116, 387)
(95, 450, 135, 490)
(98, 343, 138, 383)
(117, 443, 157, 483)
(120, 339, 160, 379)
(139, 436, 179, 476)
(142, 335, 182, 375)
(161, 429, 201, 469)
(164, 333, 204, 373)
(183, 422, 223, 462)
(186, 332, 226, 372)
(205, 415, 245, 455)
(208, 331, 248, 371)
(227, 407, 267, 447)
(230, 332, 270, 372)
(249, 399, 289, 439)
(252, 335, 292, 375)
(271, 390, 311, 430)
(274, 337, 314, 377)
(293, 384, 333, 424)
(296, 336, 336, 376)
(315, 378, 355, 418)
(318, 334, 358, 374)
(337, 372, 377, 412)
(87, 471, 127, 511)
(95, 493, 135, 533)
(103, 448, 143, 488)
(105, 515, 145, 555)
(115, 537, 155, 577)
(125, 437, 165, 477)
(147, 433, 187, 473)
(169, 429, 209, 469)
(191, 425, 231, 465)
(213, 421, 253, 461)
(235, 417, 275, 457)
(257, 413, 297, 453)
(279, 409, 319, 449)
(301, 409, 341, 449)
(323, 411, 363, 451)
(328, 543, 368, 583)
