batch size: 512
epochs: 300
6

0,1,3,4,5,6,7,8,9,10,11,13,14,15,16,17,18,20,21,22,23,24,25,26,27,28,29,30,31,32,33,35,36,37,38,39,40,41,42,43,44,45,46,47,48,49,50,51,52,53,54,57,59,61,62,64,65,66,67,69,71,72,74,75,76,77,79,81,82,83,84,85,86,87,88,89,91,92,94,95
2,12,19,34,55,56,58,60,63,68,70,73,78,80,90,93,96,97,98,99,100,101,102,103,104,105,106,107,108,109,110,111,112,113,114,115,116,117,118,119,120,121,122,123,124,125,126,127,128,129,130,131

0,1,2,3,4,5,6,7,8,9,10,11,12,13,14,15,17,18,19,21,22,25,26,27,28,29,30,31,32,33,34,35,37,39,40,41,42,43,44,45,46,47,49,52,53,54,55,56,57,58,60,61,62,63,64,66,67,68,70,71,73,74,75,76,77,78,79,80,81,82,83,84,86,88,89,90,91,92,93,95
16,20,23,24,36,38,48,50,51,59,65,69,72,85,87,94,96,97,98,99,100,101,102,103,104,105,106,107,108,109,110,111,112,113,114,115,116,117,118,119,120,121,122,123,124,125,126,127,128,129,130,131

0,1,2,3,4,5,6,7,8,9,11,12,13,15,16,17,18,19,20,23,24,25,27,28,29,30,31,32,33,34,35,36,38,39,42,43,45,46,47,48,50,51,52,53,54,55,56,57,58,59,60,61,63,64,65,66,67,68,69,70,72,73,74,75,76,77,78,80,81,82,84,85,87,88,89,90,91,93,94,95
10,14,21,22,26,37,40,41,44,49,62,71,79,83,86,92,96,97,98,99,100,101,102,103,104,105,106,107,108,109,110,111,112,113,114,115,116,117,118,119,120,121,122,123,124,125,126,127,128,129,130,131

2,3,4,7,8,9,10,11,12,13,14,16,17,18,19,20,21,22,23,24,26,27,29,31,33,34,35,36,37,38,40,41,42,43,44,46,47,48,49,50,51,52,53,55,56,58,59,60,61,62,63,64,65,67,68,69,70,71,72,73,74,75,76,78,79,80,81,82,83,85,86,87,88,89,90,91,92,93,94,95
0,1,5,6,15,25,28,30,32,39,45,54,57,66,77,84,96,97,98,99,100,101,102,103,104,105,106,107,108,109,110,111,112,113,114,115,116,117,118,119,120,121,122,123,124,125,126,127,128,129,130,131

0,1,2,4,5,6,10,12,14,15,16,17,19,20,21,22,23,24,25,26,28,29,30,31,32,33,34,35,36,37,38,39,40,41,42,43,44,45,46,47,48,49,50,51,52,53,54,55,56,57,58,59,60,62,63,65,66,68,69,70,71,72,73,75,76,77,78,79,80,83,84,85,86,87,89,90,92,93,94,95
3,7,8,9,11,13,18,27,61,64,67,74,81,82,88,91,96,97,98,99,100,101,102,103,104,105,106,107,108,109,110,111,112,113,114,115,116,117,118,119,120,121,122,123,124,125,126,127,128,129,130,131

0,1,2,3,5,6,7,8,9,10,11,12,13,14,15,16,18,19,20,21,22,23,24,25,26,27,28,30,32,34,36,37,38,39,40,41,44,45,48,49,50,51,54,55,56,57,58,59,60,61,62,63,64,65,66,67,68,69,70,71,72,73,74,77,78,79,80,81,82,83,84,85,86,87,88,90,91,92,93,94
4,17,29,31,33,35,42,43,46,47,52,53,75,76,89,95,96,97,98,99,100,101,102,103,104,105,106,107,108,109,110,111,112,113,114,115,116,117,118,119,120,121,122,123,124,125,126,127,128,129,130,131

Order:
0
1
100
101
102
104
105
106
107
115
117
121
122
128
13
130
131
134
136
137
141
142
145
146
148
149
152
153
154
155
157
16
161
162
163
165
167
168
169
17
170
171
172
174
176
177
18
182
184
187
19
191
197
2
200
21
22
3
31
32
36
4
41
42
43
46
47
5
52
54
55
57
59
61
62
63
66
68
69
7
70
71
72
75
76
77
79
85
86
88
90
91
92
94
95
96
220
222
225
226
227
233
235
236
240
243
247
248
249
251
252
253
255
256
259
261
262
264
265
266
274
400
401
402
405
406
409
1000
2222
3344
5588
7000