sw 
1
1
1
1
1
1
1
1
0.5
0.5
1
1
0.95
1
0.05
1
0.05
1
0.5
0.475
0.5
0.5
0.05
0.05
0.6
0.6
0.6
0.6
0.6
0.6
0.3
0.3
0.3
0.3
1
1
1
1
1
1
0.5
0.95
1
0.05
1
0.6
1
0.5
0.5
0.6
0.6
0.6
0.6
0.6
0.6
0.3
0.3
0.3
1
1
1
1
1
1
1
1
1
1
1
1
1
1
0.5
0.5
0.5
0.5
1
1
1
1
1
1
0.95
1
0.05
1
0.05
1
0.05
1
0.5
0.5
0.5
0.5
0.5
0.5
0.05
0.05
0.05
0.05
0.05
0.05
0.05
0.05
0.05
0.05
0.05
0.05
0.05
0.05
0.025
0.3
0.025
0.025
0.025
0.025
0.025
0.05
0.05
0.05
0.05
0.6
0.6
0.6
0.6
0.6
0.6
0.6
0.6
0.6
0.05
0.1
0.05
0.6
0.6
0.6
0.6
0.6
0.6
0.6
0.05
0.05
0.05
0.05
0.05
0.05
0.05
0.05
0.05
0.05
0.05
0.05
0.05
0.05
0.05
0.05
0.05
0.05
0.05
0.05
0.6
0.6
0.6
0.6
0.6
0.6
0.6
0.6
