c 
(38, 311, 100, 373)
(41, 349, 103, 411)
(62, 273, 124, 335)
(80, 380, 142, 442)
(101, 265, 163, 327)
(119, 390, 181, 452)
(140, 283, 202, 345)
(158, 398, 220, 460)
(179, 304, 241, 366)
(197, 400, 259, 462)
(218, 319, 280, 381)
(236, 403, 298, 465)
(257, 332, 319, 394)
(275, 403, 337, 465)
(296, 344, 358, 406)
(314, 402, 376, 464)
(335, 358, 397, 420)
(353, 401, 415, 463)
(392, 378, 454, 440)
(62, 50, 124, 112)
(95, 87, 157, 149)
(134, 97, 196, 159)
(173, 103, 235, 165)
(212, 109, 274, 171)
(251, 116, 313, 178)
(290, 120, 352, 182)
(329, 124, 391, 186)
(368, 129, 430, 191)
(380, 50, 442, 112)
(407, 135, 469, 197)
(419, 66, 481, 128)
(446, 141, 508, 203)
(458, 88, 520, 150)
(485, 145, 547, 207)
(47, 152, 109, 214)
(47, 189, 109, 251)
(62, 226, 124, 288)
(86, 116, 148, 178)
(101, 238, 163, 300)
(125, 124, 187, 186)
(140, 243, 202, 305)
(164, 146, 226, 208)
(179, 248, 241, 310)
(203, 163, 265, 225)
(218, 251, 280, 313)
(242, 178, 304, 240)
(257, 254, 319, 316)
(281, 193, 343, 255)
(296, 259, 358, 321)
(320, 205, 382, 267)
(335, 263, 397, 325)
(359, 221, 421, 283)
(374, 265, 436, 327)
(413, 253, 475, 315)
(11, 681, 73, 743)
(17, 636, 79, 698)
(32, 598, 94, 660)
(71, 572, 133, 634)
(110, 573, 172, 635)
(149, 605, 211, 667)
(188, 627, 250, 689)
(227, 649, 289, 711)
(266, 668, 328, 730)
(305, 694, 367, 756)
(29, 520, 91, 582)
(32, 443, 94, 505)
(35, 557, 97, 619)
(50, 400, 112, 462)
(74, 592, 136, 654)
(89, 383, 151, 445)
(113, 588, 175, 650)
(128, 402, 190, 464)
(152, 587, 214, 649)
(167, 423, 229, 485)
(191, 593, 253, 655)
(206, 436, 268, 498)
(230, 599, 292, 661)
(239, 510, 301, 572)
(245, 447, 307, 509)
(260, 547, 322, 609)
(269, 606, 331, 668)
(278, 500, 340, 562)
(284, 457, 346, 519)
(299, 569, 361, 631)
(308, 615, 370, 677)
(317, 500, 379, 562)
(347, 596, 409, 658)
(356, 473, 418, 535)
(395, 491, 457, 553)
(29, 302, 109, 382)
(35, 352, 115, 432)
(71, 254, 151, 334)
(83, 374, 163, 454)
(119, 265, 199, 345)
(131, 385, 211, 465)
(167, 294, 247, 374)
(179, 391, 259, 471)
(215, 312, 295, 392)
(227, 394, 307, 474)
(263, 328, 343, 408)
(275, 394, 355, 474)
(311, 343, 391, 423)
(323, 393, 403, 473)
(371, 363, 451, 443)
(53, 41, 133, 121)
(101, 83, 181, 163)
(149, 92, 229, 172)
(197, 99, 277, 179)
(245, 107, 325, 187)
(293, 112, 373, 192)
(341, 118, 421, 198)
(371, 41, 451, 121)
(389, 124, 469, 204)
(419, 61, 499, 141)
(437, 132, 517, 212)
(485, 100, 565, 180)
(38, 143, 118, 223)
(41, 191, 121, 271)
(86, 106, 166, 186)
(89, 228, 169, 308)
(134, 125, 214, 205)
(137, 235, 217, 315)
(182, 150, 262, 230)
(185, 240, 265, 320)
(230, 168, 310, 248)
(233, 244, 313, 324)
(278, 186, 358, 266)
(281, 249, 361, 329)
(329, 203, 409, 283)
(329, 254, 409, 334)
(377, 222, 457, 302)
(2, 672, 82, 752)
(11, 613, 91, 693)
(56, 565, 136, 645)
(104, 567, 184, 647)
(152, 602, 232, 682)
(200, 630, 280, 710)
(248, 655, 328, 735)
(296, 685, 376, 765)
(20, 511, 100, 591)
(23, 434, 103, 514)
(32, 563, 112, 643)
(44, 384, 124, 464)
(80, 582, 160, 662)
(92, 378, 172, 458)
(128, 578, 208, 658)
(140, 405, 220, 485)
(176, 581, 256, 661)
(188, 424, 268, 504)
(224, 591, 304, 671)
(230, 501, 310, 581)
(236, 438, 316, 518)
(272, 550, 352, 630)
(272, 600, 352, 680)
(278, 491, 358, 571)
(320, 577, 400, 657)
(326, 460, 406, 540)
(374, 473, 454, 553)
(46, 328, 88, 370)
(49, 351, 91, 393)
(54, 374, 96, 416)
(55, 305, 97, 347)
(73, 282, 115, 324)
(77, 387, 119, 429)
(96, 272, 138, 314)
(100, 393, 142, 435)
(119, 277, 161, 319)
(123, 398, 165, 440)
(142, 287, 184, 329)
(146, 403, 188, 445)
(165, 302, 207, 344)
(169, 408, 211, 450)
(188, 314, 230, 356)
(192, 409, 234, 451)
(211, 323, 253, 365)
(215, 411, 257, 453)
(234, 331, 276, 373)
(238, 412, 280, 454)
(257, 338, 299, 380)
(261, 414, 303, 456)
(280, 347, 322, 389)
(284, 413, 326, 455)
(303, 353, 345, 395)
(307, 413, 349, 455)
(326, 361, 368, 403)
(330, 412, 372, 454)
(349, 369, 391, 411)
(353, 411, 395, 453)
(372, 377, 414, 419)
(376, 411, 418, 453)
(395, 383, 437, 425)
(399, 410, 441, 452)
(72, 60, 114, 102)
(86, 83, 128, 125)
(109, 99, 151, 141)
(132, 105, 174, 147)
(155, 110, 197, 152)
(178, 113, 220, 155)
(201, 116, 243, 158)
(224, 120, 266, 162)
(247, 124, 289, 166)
(270, 127, 312, 169)
(293, 129, 335, 171)
(316, 132, 358, 174)
(339, 134, 381, 176)
(362, 137, 404, 179)
(385, 140, 427, 182)
(388, 60, 430, 102)
(408, 143, 450, 185)
(411, 70, 453, 112)
(431, 147, 473, 189)
(434, 78, 476, 120)
(454, 151, 496, 193)
(457, 91, 499, 133)
(477, 155, 519, 197)
(480, 107, 522, 149)
(500, 154, 542, 196)
(503, 119, 545, 161)
(523, 143, 565, 185)
(55, 178, 97, 220)
(57, 201, 99, 243)
(60, 155, 102, 197)
(64, 224, 106, 266)
(78, 132, 120, 174)
(87, 244, 129, 286)
(101, 125, 143, 167)
(110, 248, 152, 290)
(124, 129, 166, 171)
(133, 251, 175, 293)
(147, 140, 189, 182)
(156, 254, 198, 296)
(170, 155, 212, 197)
(179, 257, 221, 299)
(193, 165, 235, 207)
(202, 259, 244, 301)
(216, 174, 258, 216)
(225, 261, 267, 303)
(239, 183, 281, 225)
(248, 262, 290, 304)
(262, 192, 304, 234)
(271, 264, 313, 306)
(285, 201, 327, 243)
(294, 267, 336, 309)
(308, 208, 350, 250)
(317, 271, 359, 313)
(331, 215, 373, 257)
(340, 273, 382, 315)
(354, 224, 396, 266)
(363, 274, 405, 316)
(377, 234, 419, 276)
(386, 275, 428, 317)
(400, 243, 442, 285)
(409, 276, 451, 318)
(432, 272, 474, 314)
(21, 691, 63, 733)
(25, 661, 67, 703)
(29, 634, 71, 676)
(40, 611, 82, 653)
(63, 590, 105, 632)
(86, 580, 128, 622)
(109, 578, 151, 620)
(132, 594, 174, 636)
(155, 613, 197, 655)
(178, 624, 220, 666)
(201, 639, 243, 681)
(224, 652, 266, 694)
(247, 665, 289, 707)
(270, 675, 312, 717)
(293, 687, 335, 729)
(316, 705, 358, 747)
(37, 537, 79, 579)
(42, 453, 84, 495)
(42, 560, 84, 602)
(43, 476, 85, 518)
(44, 499, 86, 541)
(51, 583, 93, 625)
(52, 429, 94, 471)
(62, 405, 104, 447)
(74, 601, 116, 643)
(85, 395, 127, 437)
(97, 601, 139, 643)
(108, 395, 150, 437)
(120, 598, 162, 640)
(131, 408, 173, 450)
(143, 597, 185, 639)
(154, 421, 196, 463)
(166, 597, 208, 639)
(177, 433, 219, 475)
(189, 598, 231, 640)
(200, 441, 242, 483)
(212, 605, 254, 647)
(223, 448, 265, 490)
(235, 609, 277, 651)
(246, 455, 288, 497)
(249, 520, 291, 562)
(253, 543, 295, 585)
(258, 612, 300, 654)
(269, 461, 311, 503)
(272, 510, 314, 552)
(276, 561, 318, 603)
(281, 617, 323, 659)
(292, 467, 334, 509)
(295, 510, 337, 552)
(299, 574, 341, 616)
(304, 622, 346, 664)
(315, 473, 357, 515)
(318, 510, 360, 552)
(322, 587, 364, 629)
(327, 627, 369, 669)
(338, 478, 380, 520)
(341, 511, 383, 553)
(345, 600, 387, 642)
(350, 629, 392, 671)
(361, 482, 403, 524)
(364, 511, 406, 553)
(384, 486, 426, 528)
(387, 511, 429, 553)
(410, 505, 452, 547)
