sw 
0.6
0.6
0.1
0.1
0.5
1
0.5
1
0.05
1
0.1
1
0.1
0.05
0.05
1
1
0.5
1
0.5
1
1
0.1
1
1.5
1
0.1
0.5
0.025
0.5
1
1
1
1
1
1
1
0.5
1.5
1.5
0.1
0.5
0.1
0.05
1
1
0.05
0.05
1
1
0.5
1
1
1
1
1
0.025
0.5
1
1
0.5
1
1
0.5
0.6
0.6
0.6
0.1
0.05
1
0.5
1
0.5
0.5
1
1
0.05
1
1
0.05
1
0.1
1
0.1
0.95
1
1
1
1
1
0.5
0.5
0.5
1
1
1
0.1
1
0.6
1
0.6
1
0.6
1
0.1
0.5
0.5
0.5
0.5
1
1
1
1
1
1
1
1
1
1
0.5
0.5
0.5
0.6
0.6
0.6
0.1
0.05
1
1
0.1
1
0.1
0.05
0.1
1.5
1.5
0.1
0.6
0.6
0.1
0.05
0.05
0.1
1
0.1
1
0.1
1
1.5
0.1
0.6
0.6
0.6
0.1
1
0.05
0.1
1
0.1
1
0.1
0.1
1.5
1.5
0.1
